Az =

    1.0000         0         0    0.0494         0         0         0    0.0121         0         0    0.0003         0
         0    1.0000         0         0    0.0494         0   -0.0121         0         0   -0.0003         0         0
         0         0    1.0000         0         0    0.0494         0         0         0         0         0         0
         0         0         0    0.9753         0         0         0    0.4844         0         0    0.0121         0
         0         0         0         0    0.9753         0   -0.4844         0         0   -0.0121         0         0
         0         0         0         0         0    0.9753         0         0         0         0         0         0
         0         0         0         0         0         0    1.0000         0         0    0.0500         0         0
         0         0         0         0         0         0         0    1.0000         0         0    0.0500         0
         0         0         0         0         0         0         0         0    1.0000         0         0    0.0500
         0         0         0         0         0         0         0         0         0    1.0000         0         0
         0         0         0         0         0         0         0         0         0         0    1.0000         0
         0         0         0         0         0         0         0         0         0         0         0    1.0000


Bz =

         0    0.0000         0   -0.0000
   -0.0000         0    0.0000         0
    0.0001    0.0001    0.0001    0.0001
         0    0.0005         0   -0.0005
   -0.0005         0    0.0005         0
    0.0030    0.0030    0.0030    0.0030
    0.0019         0   -0.0019         0
         0    0.0019         0   -0.0019
    0.0001   -0.0001    0.0001   -0.0001
    0.0750         0   -0.0750         0
         0    0.0750         0   -0.0750
    0.0050   -0.0050    0.0050   -0.0050


Cz =

    1.0000         0         0    0.0247         0         0         0    0.0061         0         0    0.0002         0
         0    1.0000         0         0    0.0247         0   -0.0061         0         0   -0.0002         0         0
         0         0    1.0000         0         0    0.0247         0         0         0         0         0         0
         0         0         0         0         0         0    1.0000         0         0    0.0250         0         0
         0         0         0         0         0         0         0    1.0000         0         0    0.0250         0
         0         0         0         0         0         0         0         0    1.0000         0         0    0.0250


Dz =

   1.0e-03 *

         0    0.0057         0   -0.0057
   -0.0057         0    0.0057         0
    0.0370    0.0370    0.0370    0.0370
    0.9375         0   -0.9375         0
         0    0.9375         0   -0.9375
    0.0625   -0.0625    0.0625   -0.0625
   
   
   
   
   
